serial = 1m 24.69s
omp_2 = 42.7917s --> speedup = 84.69168 / 42.7917 = 1.979161379
omp_4 = 21.5929s --> speedup = 84.69168 / 21.5929 = 3.922200353
omp_6 = 14.5144s --> speedup = 84.69168 / 14.5144 = 5.835010748
omp_8 = 11.5807s --> speedup = 84.69168 / 11.5807 = 7.313174506
omp_10 = 8.9607s --> speedup = 84.69168 / 8.9607 = 9.451458033
omp_12 = 7.7755s --> speedup = 84.69168 / 7.7755 = 10.89212012
omp_14 = 9.3553s --> speedup = 84.69168 / 9.3553 = 9.052802155
omp_16 = 8.259s --> speedup = 84.69168 / 8.259 = 10.25447149
omp_18 = 7.5432s --> speedup = 84.69168 / 7.5432 = 11.22755329
omp_20 = 7.6185s --> speedup = 84.69168 / 7.6185 = 11.116582
omp_22 = 7.4401s --> speedup = 84.69168 / 7.4401 = 11.38313732
omp_24 = 7.0937s --> speedup = 84.69168 / 7.0937 = 11.93899939
omp_240 = 7.8297s --> speedup = 84.69168 / 7.8297 = 10.81672095

